11883
11884
11885
11886
11888
11889
11890
11891
11892
11893
11894
11896
11897
11898
11899
11900
11901
11902
11904
11969
11970
11971
11972
11974
11975
11976
11977
11978
11980
11981
11982
11983
11984
11985
11986
11987
11989
11990
11991
12262
12263
12264
12265
12266
12267
12269
12273
12275
12276
12277
12278
12279
12280
12281
12282
12283
12284
12285
12286
12287
12288
12289
12290
12291
12292
12293
12294
12295
12296
12297
12298
12299
12300
12301
12302
12303
12304
12305
12306
12308
12309
12310
12311
12312
12313
12314
12316
12318
12319
12320
12321
12322
12323
12324
12325
12327
12328
12329
12330
12331
12332
12333
12334
12335
12335
12336
12337
12339
12340
12341
12342
12343
12344
12346
12348
12350
12351
12353
12354
12355
12356
12357
12358
12362
12363
12364
12365
12366
12367
12368
12369
12370
12372
12374
12375
12376
12377
12379
12380
12381
12382
12383
12384
12385
12390
12391
12393
12394
12395
12396
12397
12398
12399
12400
12401
12403
12404
12405
12406
12407
12408
12409
12411
12412
12413
12414
12415
12416
12418
12419
12420
12421
12423
12424
12425
12426
12427
12428
12429
12430
12431
12433
12441
12442
12443
12445
12447
12448
12449
12450
12451
12452
12453
12454
12455
12456
12457
12458
12459
12460
12461
12462
12463
12464
12465
12466
12468
12469
12470
12471
12472
12473
12474
12475
12476
12477
12478
12479
12480
12481
12482
12483
12484
12485
12486
12487
12488
12489
12490
12491
12492
12493
12494
12499
12500
12501
12503
12504
12505
12506
12507
12508
12509
12510
12511
12512
12513
12514
12516
12518
12519
12520
12521
12523
12525
12526
12527
12528
12529
12530
12531
12532
12533
12534
12536
12537
12538
12539
12540
12541
12542
12543
12544
12545
12546
12547
12548
12549
12550
12551
12552
12553
12554
12555
12556
12557
12558
12559
12560
12561
12562
12563
12564
12565
12566
12567
12568
12569
12570
12571
12572
12573
12574
12575
12576
12577
12578
12579
12580
12581
12582
12584
12585
12586
12587
12588
12589
12590
12591
12592
12593
12594
12595
12596
12597
12599
12600
12602
12603
12604
12605
12606
12607
12608
12610
12611
12612
12613
12614
12615
12616
12617
12618
12619
12620
12621
12622
12623
12624
12625
12626
12627
12628
12629
12630
12632
12634
12635
12637
12638
12639
12640
12641
12642
12643
12644
12645
12646
12647
12648
12649
12650
12651
12653
12654
12656
12657
12658
12659
12661
12662
12663
12664
12665
12666
12667
12668
12669
12670
12671
12672
12674
12676
12677
12678
12679
12680
12681
12682
12683
12684
12688
12691
12692
12693
12694
12695
12696
12697
12698
12699
12700
12701
12702
12703
12704
12705
12706
12707
12708
12709
12710
12711
12712
12713
12714
12715
12716
12717
12718
12719
12720
12721
12723
12724
12725
12726
12727
12728
12729
12730
12731
12732
12733
12734
12735
12736
12737
12738
12739
12740
12741
12742
12743
12744
12746
12747
12748
12750
12752
12753
12754
12755
12756
12757
12758
12760
12762
12763
12764
12765
12766
12767
12773
12774
12775
12776
12777
12778
12779
12780
12781
12782
12783
12784
12789
12791
12792
12793
12794
12795
12796
12797
12798
12799
12800
12801
12802
12803
12804
12805
12806
12807
12808
12809
12810
12811
12812
12813
12814
12815
12816
12817
12818
12819
12820
12821
12822
12823
12824
12825
12826
12827
12828
12829
12830
12831
12832
12833
12834
12835
12836
12837
12838
12839
12840
12842
12844
12853
12854
12855
12856
12857
12858
12859
12860
12861
12862
12863
12864
12865
12866
12867
12868
12869
12870
12872
12873
12874
12875
12876
12877
12878
12879
12881
12882
12883
12884
12885
12886
12887
12888
12889
12890
12891
12892
12893
12894
12895
12896
12897
12898
12899
12900
12901
12902
12903
12904
12905
12906
12907
12908
12909
12910
12911
12912
12913
12914
12915
12916
12917
12918
12919
12920
12924
12925
12926
12927
12928
12928
12930
12930
12931
12932
12933
12934
12935
12936
12937
12938
12939
12940
12941
12942
12943
12944
12945
12946
12947
12948
12949
12950
12951
12952
12953
12954
12955
12956
12957
12958
12959
12960
12962
12963
12964
12965
12966
12967
12968
12969
12970
12971
12972
12973
12974
12975
12976
12977
12978
12979
12980
12981
12982
12983
12984
12986
12988
12989
12990
12991
12992
12993
12994
12995
12996
12997
12998
12999
13000
13001
13002
13003
13004
13005
13006
13007
13008
13009
13010
13011
13012
13013
13014
13015
13017
13018
13019
13020
13021
13022
13023
13024
13026
13027
13028
13029
13030
13031
13032
13033
13034
13035
13036
13037
13063
13064
13065
13066
13067
13068
13070
13071
13073
13075
13078
13079
13080
13081
13082
13084
13086
13087
13088
13089
13090
13091
13171
13173
13174
13175
13176
13178
13179
13180
13186
13187
13188
13189
13190
13191
13193
13194
13195
13196
13197
13198
13199
13200
13202
13204
13205
13206
13207
13208
13209
13210
13212
13213
13214
13215
13216
13217
13218
13219
13222
13223
13224
13225
13226
13227
13228
13229
13231
13232
13233
13234
13235
13237
13238
13239
13240
13241
13242
13243
13244
13246
13247
13248
13249
13250
13251
13252
13253
13255
13256
13257
13258
13259
13260
13261
13262
13263
13264
13265
13266
13267
13268
13269
13270
13272
13273
13276
13277
13278
13279
13280
13281
13283
13284
13285
13286
13287
13288
13289
13290
13291
13292
13293
13294
13295
13296
13297
13298
13299
13300
13301
13304
13305
13306
13307
13308
13309
13310
13312
13313
13314
13315
13316
13317
13319
13320
13321
13323
13324
13325
13326
13327
13328
13329
13330
13331
13332
13333
13334
13335
13337
13338
13339
13340
13342
13343
13344
13345
13346
13347
13348
13349
13350
13352
13353
13354
13355
13356
13357
13360
13361
13362
13363
13364
13365
13366
13367
13368
13369
13370
13371
13372
13373
13374
13375
13376
13377
13378
13379
13380
13381
13382
13383
13384
13385
13386
13387
13388
13389
13390
13392
13393
13394
13395
13396
13397
13398
13399
13400
13403
13404
13405
13406
13407
13408
13409
13410
13411
13412
13414
13415
13416
13417
13418
13419
13420
13421
13422
13423
13424
13425
13426
13427
13429
13430
13431
13432
13433
13434
13435
13437
13438
13439
13440
13441
13442
13443
13444
13933
13934
13935
13950
13952
13953
13954
13955
13957
13958
13959
13960
13961
13962
13963
13967
13968
13969
13970
13971
13972
13973
13974
13975
13976
13977
13978
13979
13980
13981
13982
13983
13984
13985
13986
13987
13988
13990
13991
13994
13995
13996
13997
13998
14000
14001
14002
14003
14004
14005
14006
14007
14008
14009
14010
14011
14012
14013
14014
14015
14016
14017
14075
14076
14077
14078
14079
14080
14081
14082
14083
14084
14085
14086
14089
14090
14091
14092
14095
14096
14097
14098
14099
14100
14101
14102
14103
14104
14105
14106
14107
14108
14109
14208
14209
14210
14211
14212
14213
14214
14215
14216
14217
14219
14220
14221
14222
14223
14226
14227
14228
14229
14230
14231
14232
14233
14234
14235
14236
14237
14239
14240
14241
14242
14243
14244
14245
14246
14248
14249
14314
14315
14316
14318
14319
14320
14321
14322
14323
14324
14325
14326
14327
14328
14334
14335
14336
14337
14338
14339
14340
14341
14342
14344
14346
14347
14348
14349
14350
14351
14352
14353
14354
14355
14356
14357
14358
14359
14360
14361
14362
14363
14364
14365
14366
14367
14369
14388
14389
14390
14391
14392
14393
14395
14396
14397
14398
14416
14417
14418
14419
14420
14421
14422
14423
14424
14425
14426
14427
14428
14429
14430
14431
14432
14433
14434
14435
14436
14437
14438
14439
14440
14441
14442
14443
14444
14445
14446
14447
14448
14449
14450
14451
14452
14453
14454
14455
14456
14457
14458
14459
14460
14461
14462
14463
14465
14466
14467
14468
14469
14470
14471
14472
14473
14474
14475
14476
14477
14478
14479
14480
14481
14482
14483
14484
14488
14489
14490
14491
14492
14493
14494
14495
14496
14497
14498
14499
14500
14501
14513
14515
14516
14517
14518
14519
14520
14521
14522
14523
14524
14525
14526
14527
14528
14529
14530
14531
14532
14533
14534
14535
14537
14538
14539
14541
14542
14543
14544
14545
14548
14549
14550
14551
14552
14553
14554
14556
14560
14561
14562
14563
14564
14565
14566
14996
14997
14998
14999
15000
15001
15002
15003
15004
15007
15008
15009
15010
15011
15012
15013
15017
15020
15021
15022
15023
15025
15026
15028
15031
15032
15033
15040
15041
15042
15043
15044
15046
15047
15049
15050
15051
15052
15055
15056
15057
15058
15059
15061
15102
15103
15104
15106
15107
15108
15110
15113
15114
15115
15116
15117
15118
15119
15121
15274
15276
15277
15278
15279
15280
15281
15282
15283
15284
15285
15286
15287
15288
15289
15290
15291
15292
15294
15295
15296
15297
15298
15299
15300
15301
15302
15302
15320
15321
15322
15323
15324
15326
15328
15329
15332
15333
15334
15335
15336
15337
15339
15340
15341
15342
15343
15345
15346
15347
15348
15349
15351
15352
15353
15354
15355
15356
15357
15358
15359
15360
15361
15362
15363
15364
15365
15366
15367
15368
15369
15370
15371
15372
15374
15375
15376
15377
15378
15379
15380
15381
15382
15383
15385
15386
15387
15388
15389
15390
15391
15392
15393
15394
15395
15396
15397
15399
15400
15401
15402
15403
15404
15405
15406
15407
15408
15410
15411
15412
15413
15414
15415
15416
15417
15418
15420
15421
15423
15424
15426
15427
15428
15429
15430
15431
15432
15433
15434
15435
15436
15437
15438
15439
15440
15441
15442
15443
15444
15445
15446
15447
15448
15449
15450
15451
15452
15453
15454
15455
15456
15461
15462
15463
15464
15466
15467
15468
15469
15470
15471
15472
15473
15475
15476
15477
15478
15479
15480
15481
15483
15484
15485
15486
15487
15493
15494
15495
15496
15497
15498
15499
15500
15501
15502
15504
15505
15506
15507
15508
15509
15510
15511
15513
15514
15515
15516
15517
15518
15519
15520
15521
15522
15523
15524
15525
15526
15527
15528
15529
15530
15531
15532
15534
15535
15538
15539
15540
15541
15542
15543
15544
15545
15546
15547
15548
15549
15553
15554
15555
15557
15558
15559
15560
15561
15562
15563
15564
15565
15566
15567
15568
15569
15570
15571
15572
15573
15575
15576
15577
15578
15579
15580
15581
15582
15583
15585
15586
15587
15588
15589
15590
15591
15592
15593
15594
15595
15596
15597
15598
15599
15600
15601
15602
15603
15604
15605
15606
15607
15608
15609
15610
15611
15612
15613
15614
15615
15616
15617
15618
15619
15620
15621
15624
15625
15626
15627
15628
15629
15630
15631
15632
15633
15634
15635
15636
15637
15638
15639
15641
15642
15643
15644
15645
15646
15647
15648
15649
15650
15651
15652
15653
15654
15655
15656
15657
15659
15660
15661
15663
15664
15665
15666
15667
15668
15669
15671
15672
15673
15674
15675
15676
15677
15678
15679
15680
15681
15682
15684
15685
15686
15687
15688
15689
15690
15691
15692
15693
15695
15696
15697
15701
15702
15703
15704
15705
15706
15707
15714
15715
15716
15727
15729
15730
15731
15732
15733
15734
15735
15736
15737
15738
15739
15740
15741
15742
15743
15744
15745
15747
15749
15751
15752
15753
15756
15757
15759
15760
15761
15762
15763
15765
15766
15767
15768
15769
15770
15771
15772
15773
15775
15776
15777
15778
15779
15780
15781
15782
15783
15784
15785
15786
15787
15788
15789
15790
15791
15793
15794
15795
15796
15797
15798
15799
15800
15801
15802
15803
15804
15806
15808
15810
15811
15812
15813
15814
15815
15816
15817
15819
15820
15821
15838
15839
15840
15841
15842
15843
15845
15846
15847
15848
15849
15850
15851
15852
15879
15881
15882
15883
15884
15885
15886
15887
15888
15890
15891
15893
15894
15896
15897
15899
15910
15912
15913
15914
15915
15916
15917
15918
15919
15920
15921
15922
15923
15926
15927
15928
15929
15930
15932
15933
15934
15935
15936
15937
15944
15945
15946
15947
15948
15949
15950
15951
15954
15955
15956
15957
15959
15960
15963
15964
15965
15967
15968
15969
15970
15971
15972
15973
15974
15975
16063
16064
16065
16066
16067
16069
16070
16071
16072
16073
16074
16075
16077
16078
16079
16080
16083
16084
16086
16087
16089
16090
16091
16092
16093
16094
16095
16097
16098
16099
16100
16101
16102
16103
16104
16105
16106
16107
16110
16111
16112
16114
16115
16118
16120
16121
16123
16124
16126
16127
16128
16129
16130
16131
16134
16135
16136
16137
16138
16139
16140
16141
16143
16146
16147
16148
16152
16153
16154
16155
16156
16157
16158
16159
16161
16203
16206
16207
16208
16209
16210
16211
16213
16219
16220
16224
16225
16226
16227
16228
16229
16233
16240
16241
16245
16246
16247
16249
16252
16253
16256
16257
16258
16259
16260
16261
16265
16287
16288
16289
16290
16291
16292
16293
16294
16295
16298
16299
16300
16301
16302
16304
16307
16308
16310
16311
16315
16316
16317
16318
16319
16320
16321
16323
16325
16326
16327
16328
16330
16331
16332
16333
16334
16335
16370
16371
16372
16373
16374
16375
16376
16377
16378
16379
16380
16381
16387
16388
16389
16390
16392
16393
16394
16395
16396
16397
16398
16403
16404
16409
16410
16411
16412
16413
16414
16415
16416
16417
16418
16419
16420
16483
16484
16485
16488
16489
16490
16491
16492
16493
16494
16495
16499
16500
16501
16502
16503
16504
16505
16507
