14996
14997
14998
14999
15000
15001
15003
15004
15007
15008
15009
15010
15011
15012
15013
15022
15023
15025
15026
15028
15031
15032
15040
15041
15042
15046
15047
15049
15050
15051
15055
15056
15057
15058
15059
15103
15104
15106
15107
15108
15110
15113
15114
15115
15116
15117
15118
15119
15276
15277
15278
15279
15280
15281
15282
15283
15284
15285
15286
15287
15288
15289
15290
15291
15292
15294
15295
15296
15297
15298
15299
15300
15301
15302
15321
15322
15323
15324
15326
15328
15329
15332
15333
15334
15335
15336
15337
15339
15340
15341
15342
15343
15345
15346
15347
15348
15349
15351
15352
15353
15354
15355
15356
15357
15358
15359
15360
15361
15362
15363
15364
15365
15366
15367
15368
15369
15370
15371
15372
15375
15376
15385
15386
15387
15388
15389
15390
15391
15392
15393
15394
15395
15396
15397
15399
15400
15401
15402
15403
15404
15405
15406
15407
15408
15410
15411
15412
15413
15414
15415
15416
15417
15418
15426
15427
15428
15429
15430
15431
15432
15433
15434
15435
15436
15437
15438
15439
15440
15441
15442
15443
15444
15445
15446
15447
15448
15449
15450
15451
15452
15453
15454
15455
15456
15461
15462
15463
15464
15466
15467
15468
15469
15470
15471
15472
15473
15475
15476
15477
15478
15479
15480
15481
15483
15484
15485
15486
15487
15489
15490
15491
15492
15493
15494
15495
15496
15497
15498
15499
15500
15501
15502
15509
15510
15511
15513
15514
15515
15516
15517
15518
15519
15520
15521
15522
15523
15524
15525
15526
15527
15528
15529
15530
15531
15532
15538
15539
15540
15541
15542
15543
15544
15545
15546
15547
15548
15549
15553
15554
15555
15557
15558
15559
15560
15561
15562
15563
15564
15565
15566
15567
15568
15569
15570
15571
15572
15573
15575
15576
15577
15578
15579
15580
15581
15582
15583
15585
15586
15587
15588
15589
15590
15591
15592
15593
15594
15595
15596
15597
15598
15599
15604
15605
15606
15607
15608
15609
15610
15611
15612
15613
15614
15615
15616
15617
15621
15624
15625
15626
15627
15628
15629
15630
15631
15632
15633
15634
15635
15636
15637
15638
15639
15641
15642
15643
15644
15645
15646
15647
15648
15649
15650
15651
15652
15653
15654
15655
15656
15657
15659
15660
15661
15663
15664
15665
15666
15667
15668
15669
15671
15672
15673
15674
15675
15676
15677
15678
15679
15680
15681
15682
15684
15685
15686
15687
15688
15689
15690
15691
15692
15693
15695
15696
15697
15701
15702
15703
15704
15705
15706
15707
15714
15715
15716
15717
15718
15719
15720
15722
15727
15729
15730
15731
15732
15733
15734
15735
15736
15737
15738
15739
15740
15741
15742
15743
15744
15745
15747
15749
15751
15756
15757
15765
15766
15767
15768
15769
15770
15771
15772
15773
15775
15776
15777
15778
15779
15780
15781
15782
15783
15784
15785
15786
15787
15788
15789
15790
15791
15793
15804
15806
15808
15810
15811
15812
15813
15814
15816
15817
15819
15820
15838
15839
15841
15842
15843
15845
15846
15847
15848
15849
15850
15851
15881
15882
15883
15884
15885
15886
15887
15888
15890
15891
15893
15894
15896
15897
15910
15912
15913
15914
15915
15916
15917
15918
15919
15920
15921
15922
15923
15932
15933
15934
15935
15936
15937
15944
15945
15946
15947
15948
15949
15950
15951
15954
15955
15956
15957
15959
15960
15967
15968
15969
15970
15971
15972
15973
15974
15975
16063
16064
16065
16066
16067
16069
16070
16071
16072
16075
16077
16078
16079
16080
16083
16084
16086
16087
16089
16090
16091
16092
16093
16094
16095
16100
16101
16102
16103
16104
16105
16106
16107
16110
16111
16112
16114
16115
16118
16120
16121
16123
16124
16126
16127
16128
16129
16130
16131
16134
16135
16136
16137
16138
16139
16140
16141
16143
16146
16147
16148
16152
16153
16154
16155
16156
16157
16159
16161
16203
16206
16207
16208
16209
16210
16211
16213
16220
16224
16225
16226
16228
16229
16233
16245
16246
16247
16249
16252
16253
16256
16257
16258
16259
16260
16261
16287
16288
16289
16290
16291
16292
16293
16294
16295
16299
16300
16301
16302
16304
16307
16311
16315
16316
16317
16318
16319
16320
16321
16323
16325
16326
16327
16328
16330
16331
16332
16373
16374
16375
16376
16377
16378
16379
16380
16381
16387
16388
16389
16390
16392
16393
16394
16395
16396
16397
16398
16403
16404
16409
16410
16411
16412
16413
16414
16415
16416
16417
16488
16489
16490
16491
16492
16493
16494
16495
16499
16500
16501
16502
16503
16504
16505
