11883
11884
11885
11886
11888
11889
11890
11891
11892
11893
11894
11896
11897
11898
11899
11900
11901
11971
11972
11974
11975
11976
11977
11978
11980
11981
11982
11983
11984
11985
11986
11987
11989
11990
12262
12263
12264
12265
12266
12267
12269
12275
12276
12277
12278
12279
12280
12281
12282
12283
12284
12285
12286
12287
12288
12289
12290
12292
12293
12294
12295
12296
12297
12298
12299
12300
12301
12302
12303
12305
12306
12308
12309
12310
12311
12312
12313
12314
12316
12318
12319
12320
12321
12322
12323
12324
12327
12328
12329
12330
12331
12332
12333
12334
12335
12335
12336
12337
12339
12340
12341
12342
12343
12344
12348
12350
12351
12353
12354
12355
12356
12357
12358
12362
12363
12364
12365
12366
12367
12368
12369
12370
12372
12374
12375
12376
12377
12379
12380
12381
12382
12383
12384
12385
12390
12391
12393
12394
12395
12396
12397
12398
12399
12400
12401
12403
12404
12405
12406
12407
12408
12409
12411
12412
12413
12414
12415
12416
12425
12426
12427
12428
12429
12430
12431
12433
12441
12442
12443
12445
12447
12448
12449
12450
12451
12452
12453
12454
12456
12457
12458
12459
12460
12461
12462
12463
12464
12465
12466
12467
12468
12469
12470
12471
12472
12473
12475
12476
12477
12478
12479
12480
12481
12482
12483
12484
12485
12486
12487
12488
12489
12491
12492
12493
12494
12499
12500
12501
12503
12504
12505
12506
12507
12508
12509
12510
12511
12512
12513
12514
12516
12518
12519
12523
12525
12526
12527
12528
12529
12530
12531
12532
12533
12534
12536
12537
12538
12539
12541
12542
12543
12544
12545
12546
12547
12548
12549
12550
12551
12552
12553
12554
12555
12556
12558
12559
12560
12561
12562
12563
12564
12565
12566
12567
12568
12569
12570
12571
12572
12573
12574
12575
12576
12577
12578
12579
12580
12581
12582
12584
12585
12586
12587
12588
12589
12590
12591
12592
12593
12594
12595
12596
12597
12599
12600
12602
12603
12604
12605
12610
12611
12612
12613
12614
12615
12616
12617
12618
12619
12620
12621
12622
12623
12624
12625
12626
12627
12628
12629
12634
12635
12637
12638
12639
12640
12641
12642
12643
12644
12645
12646
12647
12648
12649
12650
12651
12653
12654
12658
12659
12661
12662
12663
12664
12665
12666
12667
12668
12669
12670
12671
12672
12674
12676
12677
12678
12680
12681
12682
12683
12684
12688
12691
12692
12693
12694
12695
12696
12697
12698
12699
12700
12701
12702
12703
12704
12705
12706
12707
12708
12709
12710
12711
12712
12713
12714
12715
12716
12717
12718
12719
12720
12723
12724
12725
12726
12727
12728
12729
12730
12731
12732
12733
12734
12735
12736
12737
12738
12739
12740
12741
12742
12743
12744
12746
12747
12748
12750
12752
12753
12754
12755
12756
12757
12758
12760
12762
12763
12764
12765
12766
12767
12773
12774
12775
12776
12777
12778
12779
12780
12781
12784
12789
12791
12792
12793
12794
12795
12796
12797
12798
12799
12800
12801
12802
12803
12804
12805
12806
12807
12808
12809
12810
12811
12812
12813
12814
12817
12818
12819
12820
12821
12822
12823
12824
12825
12826
12827
12828
12829
12830
12831
12832
12833
12834
12835
12836
12837
12838
12839
12842
12844
12845
12846
12847
12848
12850
12853
12854
12855
12856
12857
12858
12859
12860
12861
12862
12864
12865
12866
12867
12868
12869
12870
12872
12873
12874
12875
12876
12877
12878
12879
12881
12882
12883
12884
12885
12886
12887
12888
12889
12890
12891
12892
12893
12894
12896
12897
12898
12899
12900
12901
12902
12903
12904
12905
12906
12907
12908
12909
12910
12911
12912
12913
12914
12915
12916
12917
12918
12919
12920
12924
12925
12926
12927
12928
12930
12931
12932
12933
12934
12935
12936
12937
12938
12939
12940
12941
12942
12943
12944
12945
12946
12947
12948
12949
12950
12951
12954
12955
12956
12957
12958
12959
12960
12962
12963
12964
12965
12966
12967
12968
12969
12970
12971
12972
12973
12976
12977
12978
12979
12980
12981
12982
12983
12984
12986
12988
12989
12990
12991
12992
12993
12994
12996
12997
12998
12999
13000
13001
13002
13003
13004
13005
13006
13007
13008
13009
13010
13011
13012
13013
13014
13015
13017
13018
13019
13020
13021
13022
13023
13024
13026
13027
13028
13029
13030
13031
13032
13033
13034
13035
13036
13037
13063
13064
13065
13066
13067
13068
13070
13071
13073
13078
13079
13080
13081
13082
13086
13087
13088
13089
13090
13171
13173
13174
13175
13176
13178
13179
13186
13187
13188
13189
13191
13193
13194
13195
13196
13197
13198
13199
13202
13204
13205
13206
13207
13208
13209
13212
13213
13214
13215
13216
13217
13222
13223
13224
13225
13226
13228
13229
13231
13232
13233
13234
13235
13237
13238
13239
13240
13241
13242
13246
13247
13248
13249
13250
13251
13252
13253
13255
13256
13257
13258
13259
13260
13261
13262
13263
13264
13265
13268
13269
13270
13272
13273
13276
13277
13278
13279
13280
13281
13283
13284
13285
13286
13287
13288
13289
13290
13291
13292
13293
13294
13295
13296
13297
13298
13299
13300
13301
13304
13305
13306
13309
13310
13312
13313
13314
13316
13317
13319
13320
13321
13323
13324
13325
13326
13327
13328
13329
13330
13331
13332
13333
13334
13335
13337
13338
13339
13340
13343
13344
13345
13346
13347
13348
13349
13350
13352
13353
13354
13355
13356
13357
13360
13361
13362
13363
13364
13365
13366
13367
13368
13369
13370
13371
13372
13373
13376
13377
13378
13379
13380
13381
13382
13383
13384
13385
13386
13387
13388
13389
13390
13392
13393
13394
13395
13396
13397
13398
13399
13400
13404
13405
13406
13407
13408
13409
13410
13411
13412
13414
13415
13416
13417
13418
13419
13420
13421
13422
13423
13424
13425
13426
13427
13429
13430
13431
13432
13433
13434
13435
13437
13438
13439
13440
13441
13442
13443
13444
13950
13952
13953
13954
13955
13957
13958
13959
13960
13961
13962
13963
13967
13968
13969
13970
13971
13972
13973
13974
13975
13976
13977
13978
13979
13980
13981
13982
13983
13984
13985
13986
13987
13988
13990
13991
13994
13995
13996
13997
13998
14000
14001
14002
14003
14004
14005
14006
14007
14008
14009
14010
14011
14012
14013
14014
14015
14078
14079
14080
14081
14082
14083
14084
14085
14086
14089
14090
14091
14092
14095
14096
14097
14098
14099
14100
14101
14102
14103
14104
14105
14106
14107
14108
14109
14208
14209
14210
14211
14212
14213
14214
14215
14216
14217
14219
14220
14221
14222
14223
14226
14227
14228
14229
14230
14231
14232
14233
14234
14235
14236
14237
14239
14240
14241
14242
14243
14244
14245
14246
14318
14319
14320
14321
14322
14323
14324
14325
14326
14327
14328
14330
14334
14335
14336
14337
14338
14339
14340
14341
14342
14344
14346
14347
14348
14349
14350
14351
14352
14353
14354
14355
14356
14357
14358
14359
14360
14361
14362
14363
14364
14365
14366
14367
14369
14388
14389
14390
14391
14392
14393
14395
14396
14397
14398
14416
14417
14418
14419
14420
14421
14422
14423
14424
14425
14426
14427
14428
14429
14430
14431
14432
14433
14434
14435
14436
14437
14438
14439
14440
14441
14442
14443
14444
14445
14446
14447
14448
14449
14450
14451
14452
14453
14454
14455
14456
14457
14458
14463
14465
14466
14467
14468
14469
14470
14471
14472
14473
14474
14475
14476
14477
14478
14479
14480
14481
14482
14483
14484
14488
14489
14490
14491
14492
14493
14494
14495
14496
14497
14498
14499
14500
14501
14513
14515
14516
14517
14518
14519
14520
14521
14522
14523
14524
14525
14526
14527
14528
14529
14530
14531
14532
14533
14534
14535
14537
14538
14539
14545
14548
14549
14550
14551
14552
14553
14556
14560
14561
14562
14563
14564
