15002
15017
15020
15021
15033
15043
15044
15052
15061
15102
15121
15274
15302
15320
15374
15377
15378
15379
15380
15381
15382
15383
15420
15421
15423
15424
15504
15505
15506
15507
15508
15534
15535
15600
15601
15602
15603
15618
15619
15620
15752
15753
15759
15760
15761
15762
15763
15794
15795
15796
15797
15798
15799
15800
15801
15802
15803
15815
15821
15840
15852
15879
15899
15926
15927
15928
15929
15930
15963
15964
15965
16073
16074
16097
16098
16099
16158
16219
16227
16240
16241
16265
16298
16308
16310
16333
16334
16335
16370
16371
16372
16418
16419
16420
16483
16484
16485
16507
