11902
11904
11969
11970
11991
12273
12291
12304
12325
12346
12418
12419
12420
12421
12423
12424
12455
12474
12490
12520
12521
12540
12557
12606
12607
12608
12630
12632
12656
12657
12679
12721
12782
12783
12815
12816
12840
12863
12895
12928
12930
12952
12953
12974
12975
12995
13075
13084
13091
13180
13190
13200
13210
13218
13219
13227
13243
13244
13266
13267
13307
13308
13315
13342
13374
13375
13403
13933
13934
13935
14016
14017
14075
14076
14077
14248
14249
14314
14315
14316
14459
14460
14461
14462
14541
14542
14543
14544
14554
14565
14566
