11829
11830
11831
11833
11834
11835
11836
11838
11839
11840
11841
11842
11843
11844
11847
11848
11849
11850
11859
11860
11861
11863
11864
11865
11866
11867
11868
11870
11871
11872
11873
11874
11875
11876
11877
11878
11879
11880
11881
11882
13054
13055
13056
13057
13058
13060
13061
13062
13128
13164
13165
13166
13167
13169
14570
14571
14572
14574
14577
14578
14579
14580
14582
14584
14585
14586
14587
14590
14592
14593
14594
14595
14597
14598
14599
14600
14986
14987
14988
14989
14991
14992
14993
16162
16164
16165
16167
16168
16170
16277
16278
16279
16280
16282
16284
16286
16509
16510
16511
16512
16513
16514
16515
16516
16517
