15003
15004
15007
15008
15009
15010
15011
15012
15013
15015
15017
15022
15023
15025
15026
15020
15021
15028
15031
15032
15033
14996
14997
14998
14999
15000
15001
15002
13078
13079
13080
13081
13082
13084
13086
13087
13088
13089
13090
13091
13063
13064
13065
13066
13067
13068
13070
13071
13073
13075
15103
15104
15106
15107
15108
15102
15110
15113
15114
15115
15116
15117
15118
15119
15121
15055
15056
15057
15058
15059
15061
16373
16374
16375
16376
16377
16378
16379
16380
16381
16387
16388
16389
16390
16392
16393
16370
16371
16372
16319
16320
16321
16323
16325
16326
16327
16328
16330
16331
16332
16394
16395
16396
16397
16398
16333
16334
16335
15103
15104
15106
15107
15108
15102
15110
15113
15114
15115
15116
15117
15118
15119
15121
15055
15056
15057
15058
15059
15061
16373
16374
16375
16376
16377
16378
16379
16380
16381
16387
16388
16389
16390
16392
16393
16370
16371
16372
16319
16320
16321
16323
16325
16326
16327
16328
16330
16331
16332
16394
16395
16396
16397
16398
16333
16334
16335
