11829
11830
11831
11833
11834
11835
11839
11840
11841
11842
11843
11844
11847
11848
11849
11850
11859
11860
11861
11863
11864
11865
11866
11867
11868
11870
11871
11872
11873
11874
11875
11876
11877
11878
11880
11881
11883
11884
11885
11886
11888
11889
11890
11891
11892
11893
11894
11896
11897
11898
11899
11900
11901
11910
11911
11916
11918
11919
11920
11922
11928
11933
11934
11941
11942
11943
11944
11947
11949
11950
11951
11952
11953
11955
11959
11960
11961
11962
11963
11965
11966
11967
11968
11971
11972
11974
11975
11976
11977
11978
11980
11981
11982
11983
11984
11985
11986
11987
11989
11990
11992
11993
11995
11996
11997
11998
11999
12000
12001
12002
12003
12017
12018
12019
12020
12021
12022
12026
12027
12028
12029
12030
12032
12034
12035
12036
12037
12038
12039
12040
12041
12042
12043
12044
12045
12046
12052
12054
12055
12056
12057
12058
12062
12063
12064
12065
12066
12068
12071
12072
12073
12075
12076
12077
12080
12083
12084
12086
12087
12090
12092
12094
12099
12102
12106
12111
12115
12118
12119
12120
12121
12123
12124
12126
12128
12129
12130
12131
12132
12133
12135
12137
12140
12141
12142
12158
12159
12160
12161
12162
12163
12164
12166
12167
12170
12171
12172
12174
12175
12192
12193
12194
12195
12196
12197
12198
12199
12262
12263
12264
12265
12266
12267
12269
12275
12276
12277
12278
12279
12280
12281
12282
12283
12284
12285
12286
12287
12288
12289
12290
12292
12293
12294
12295
12296
12297
12298
12299
12300
12301
12302
12303
12305
12306
12308
12309
12310
12311
12312
12313
12314
12316
12318
12319
12320
12321
12322
12323
12324
12327
12328
12329
12330
12331
12332
12333
12334
12335
12335
12336
12337
12339
12340
12341
12342
12343
12344
12348
12350
12351
12353
12354
12355
12356
12357
12358
12362
12363
12364
12365
12366
12367
12368
12369
12370
12372
12374
12375
12376
12377
12379
12380
12381
12382
12383
12384
12385
12390
12391
12393
12394
12395
12396
12397
12398
12399
12400
12401
12403
12404
12405
12406
12407
12408
12409
12411
12412
12413
12414
12415
12416
12425
12426
12427
12428
12429
12430
12431
12433
12441
12442
12443
12445
12447
12448
12449
12450
12451
12452
12453
12454
12456
12457
12458
12459
12460
12461
12462
12463
12464
12465
12466
12467
12468
12469
12470
12471
12472
12473
12475
12476
12477
12478
12479
12480
12481
12482
12483
12484
12485
12486
12487
12488
12489
12491
12492
12493
12494
12499
12500
12501
12503
12504
12505
12506
12507
12508
12509
12510
12511
12512
12513
12514
12516
12518
12519
12523
12525
12526
12527
12528
12529
12530
12531
12532
12533
12534
12536
12537
12538
12539
12541
12542
12543
12544
12545
12546
12547
12548
12549
12550
12551
12552
12553
12554
12555
12556
12558
12559
12560
12561
12562
12563
12564
12565
12566
12567
12568
12569
12570
12571
12572
12573
12574
12575
12576
12577
12578
12579
12580
12581
12582
12584
12585
12586
12587
12588
12589
12590
12591
12592
12593
12594
12595
12596
12597
12599
12600
12602
12603
12604
12605
12610
12611
12612
12613
12614
12615
12616
12617
12618
12619
12620
12621
12622
12623
12624
12625
12626
12627
12628
12629
12634
12635
12637
12638
12639
12640
12641
12642
12643
12644
12645
12646
12647
12648
12649
12650
12651
12653
12654
12658
12659
12661
12662
12663
12664
12665
12666
12667
12668
12669
12670
12671
12672
12674
12676
12677
12678
12680
12681
12682
12683
12684
12688
12691
12692
12693
12694
12695
12696
12697
12698
12699
12700
12701
12702
12703
12704
12705
12706
12707
12708
12709
12710
12711
12712
12713
12714
12715
12716
12717
12718
12719
12720
12723
12724
12725
12726
12727
12728
12729
12730
12731
12732
12733
12734
12735
12736
12737
12738
12739
12740
12741
12742
12743
12744
12746
12747
12748
12750
12752
12753
12754
12755
12756
12757
12758
12760
12762
12763
12764
12765
12766
12767
12773
12774
12775
12776
12777
12778
12779
12780
12781
12784
12789
12791
12792
12793
12794
12795
12796
12797
12798
12799
12800
12801
12802
12803
12804
12805
12806
12807
12808
12809
12810
12811
12812
12813
12814
12817
12818
12819
12820
12821
12822
12823
12824
12825
12826
12827
12828
12829
12830
12831
12832
12833
12834
12835
12836
12837
12838
12839
12842
12844
12845
12846
12847
12848
12850
12853
12854
12855
12856
12857
12858
12859
12860
12861
12862
12864
12865
12866
12867
12868
12869
12870
12872
12873
12874
12875
12876
12877
12878
12879
12881
12882
12883
12884
12885
12886
12887
12888
12889
12890
12891
12892
12893
12894
12896
12897
12898
12899
12900
12901
12902
12903
12904
12905
12906
12907
12908
12909
12910
12911
12912
12913
12914
12915
12916
12917
12918
12919
12920
12924
12925
12926
12927
12928
12930
12931
12932
12933
12934
12935
12936
12937
12938
12939
12940
12941
12942
12943
12944
12945
12946
12947
12948
12949
12950
12951
12954
12955
12956
12957
12958
12959
12960
12962
12963
12964
12965
12966
12967
12968
12969
12970
12971
12972
12973
12976
12977
12978
12979
12980
12981
12982
12983
12984
12986
12988
12989
12990
12991
12992
12993
12994
12996
12997
12998
12999
13000
13001
13002
13003
13004
13005
13006
13007
13008
13009
13010
13011
13012
13013
13014
13015
13017
13018
13019
13020
13021
13022
13023
13024
13026
13027
13028
13029
13030
13031
13032
13033
13034
13035
13036
13037
13054
13055
13056
13058
13060
13061
13063
13064
13065
13066
13067
13068
13070
13071
13073
13078
13079
13080
13081
13082
13086
13087
13088
13089
13090
13095
13096
13100
13102
13107
13108
13113
13119
13122
13123
13126
13133
13134
13137
13138
13141
13142
13145
13146
13149
13150
13151
13155
13156
13161
13162
13164
13165
13166
13167
13171
13173
13174
13175
13176
13178
13179
13186
13187
13188
13189
13191
13193
13194
13195
13196
13197
13198
13199
13202
13204
13205
13206
13207
13208
13209
13212
13213
13214
13215
13216
13217
13222
13223
13224
13225
13226
13228
13229
13231
13232
13233
13234
13235
13237
13238
13239
13240
13241
13242
13246
13247
13248
13249
13250
13251
13252
13253
13255
13256
13257
13258
13259
13260
13261
13262
13263
13264
13265
13268
13269
13270
13272
13273
13276
13277
13278
13279
13280
13281
13283
13284
13285
13286
13287
13288
13289
13290
13291
13292
13293
13294
13295
13296
13297
13298
13299
13300
13301
13304
13305
13306
13309
13310
13312
13313
13314
13316
13317
13319
13320
13321
13323
13324
13325
13326
13327
13328
13329
13330
13331
13332
13333
13334
13335
13337
13338
13339
13340
13343
13344
13345
13346
13347
13348
13349
13350
13352
13353
13354
13355
13356
13357
13360
13361
13362
13363
13364
13365
13366
13367
13368
13369
13370
13371
13372
13373
13376
13377
13378
13379
13380
13381
13382
13383
13384
13385
13386
13387
13388
13389
13390
13392
13393
13394
13395
13396
13397
13398
13399
13400
13404
13405
13406
13407
13408
13409
13410
13411
13412
13414
13415
13416
13417
13418
13419
13420
13421
13422
13423
13424
13425
13426
13427
13429
13430
13431
13432
13433
13434
13435
13437
13438
13439
13440
13441
13442
13443
13444
13448
13449
13451
13452
13453
13454
13455
13456
13457
13458
13459
13460
13461
13462
13463
13464
13465
13466
13467
13472
13475
13476
13478
13479
13480
13481
13482
13483
13484
13485
13486
13487
13488
13489
13490
13491
13492
13493
13494
13495
13496
13497
13498
13502
13503
13504
13505
13506
13507
13508
13509
13510
13512
13513
13514
13515
13516
13517
13518
13519
13520
13521
13522
13523
13524
13525
13526
13527
13528
13529
13531
13532
13533
13534
13535
13536
13537
13538
13539
13540
13541
13542
13543
13544
13545
13546
13547
13548
13549
13550
13551
13552
13553
13554
13558
13559
13560
13561
13562
13563
13564
13565
13566
13567
13568
13569
13570
13571
13572
13572
13573
13574
13575
13576
13578
13579
13580
13581
13582
13583
13584
13585
13586
13589
13633
13634
13635
13636
13639
13647
13648
13649
13650
13651
13652
13653
13654
13655
13656
13657
13658
13659
13660
13661
13662
13663
13664
13665
13666
13667
13668
13669
13672
13673
13674
13675
13676
13677
13678
13679
13680
13681
13682
13683
13684
13685
13686
13687
13688
13689
13690
13691
13692
13693
13694
13696
13697
13698
13699
13700
13701
13702
13703
13704
13705
13706
13707
13708
13709
13710
13711
13712
13713
13714
13715
13716
13717
13718
13719
13720
13721
13722
13723
13724
13725
13726
13727
13728
13729
13730
13731
13732
13733
13734
13735
13736
13737
13738
13739
13740
13741
13742
13743
13745
13746
13747
13749
13750
13751
13752
13753
13755
13756
13757
13758
13760
13761
13762
13763
13764
13765
13767
13768
13769
13770
13771
13772
13773
13774
13775
13776
13777
13778
13779
13780
13781
13782
13783
13784
13785
13787
13791
13792
13793
13794
13795
13796
13797
13798
13799
13800
13801
13802
13803
13804
13805
13806
13807
13808
13809
13810
13811
13812
13813
13814
13815
13816
13817
13818
13819
13820
13821
13822
13823
13824
13825
13826
13827
13829
13830
13831
13832
13833
13834
13835
13836
13837
13838
13840
13841
13842
13843
13844
13845
13846
13847
13848
13849
13850
13854
13858
13859
13860
13867
13868
13869
13870
13871
13874
13876
13877
13878
13879
13880
13881
13885
13886
13887
13891
13892
13893
13894
13920
13921
13923
13924
13925
13926
13927
13928
13929
13930
13931
13932
13936
13937
13938
13939
13940
13941
13942
13943
13944
13945
13946
13947
13948
13949
13950
13952
13953
13954
13955
13957
13958
13959
13960
13961
13962
13963
13967
13968
13969
13970
13971
13972
13973
13974
13975
13976
13977
13978
13979
13980
13981
13982
13983
13984
13985
13986
13987
13988
13990
13991
13994
13995
13996
13997
13998
14000
14001
14002
14003
14004
14005
14006
14007
14008
14009
14010
14011
14012
14013
14014
14015
14018
14019
14020
14021
14022
14023
14026
14027
14028
14029
14030
14031
14032
14033
14034
14035
14036
14037
14038
14039
14041
14042
14043
14044
14045
14048
14050
14051
14052
14053
14054
14056
14057
14058
14059
14060
14061
14062
14063
14064
14065
14066
14067
14068
14069
14070
14071
14073
14078
14079
14080
14081
14082
14083
14084
14085
14086
14089
14090
14091
14092
14095
14096
14097
14098
14099
14100
14101
14102
14103
14104
14105
14106
14107
14108
14109
14208
14209
14210
14211
14212
14213
14214
14215
14216
14217
14219
14220
14221
14222
14223
14226
14227
14228
14229
14230
14231
14232
14233
14234
14235
14236
14237
14239
14240
14241
14242
14243
14244
14245
14246
14251
14252
14253
14254
14255
14256
14257
14258
14259
14260
14261
14262
14263
14264
14265
14266
14267
14268
14269
14270
14271
14272
14273
14274
14275
14276
14277
14278
14279
14280
14281
14282
14283
14284
14286
14287
14288
14289
14290
14291
14292
14293
14294
14295
14296
14297
14298
14299
14300
14301
14303
14304
14305
14306
14307
14308
14309
14310
14312
14318
14319
14320
14321
14322
14323
14324
14325
14326
14327
14328
14330
14334
14335
14336
14337
14338
14339
14340
14341
14342
14344
14346
14347
14348
14349
14350
14351
14352
14353
14354
14355
14356
14357
14358
14359
14360
14361
14362
14363
14364
14365
14366
14367
14369
14370
14371
14372
14373
14374
14375
14376
14377
14378
14379
14380
14381
14382
14383
14384
14385
14386
14388
14389
14390
14391
14392
14393
14395
14396
14397
14398
14416
14417
14418
14419
14420
14421
14422
14423
14424
14425
14426
14427
14428
14429
14430
14431
14432
14433
14434
14435
14436
14437
14438
14439
14440
14441
14442
14443
14444
14445
14446
14447
14448
14449
14450
14451
14452
14453
14454
14455
14456
14457
14458
14463
14465
14466
14467
14468
14469
14470
14471
14472
14473
14474
14475
14476
14477
14478
14479
14480
14481
14482
14483
14484
14488
14489
14490
14491
14492
14493
14494
14495
14496
14497
14498
14499
14500
14501
14513
14515
14516
14517
14518
14519
14520
14521
14522
14523
14524
14525
14526
14527
14528
14529
14530
14531
14532
14533
14534
14535
14537
14538
14539
14545
14548
14549
14550
14551
14552
14553
14556
14560
14561
14562
14563
14564
14571
14572
14577
14578
14579
14584
14585
14586
14587
14590
14592
14593
14594
14595
14597
14598
14599
14628
14629
14630
14631
14632
14633
14634
14636
14637
14638
14639
14640
14641
14642
14643
14644
14645
14646
14647
14648
14649
14650
14651
14652
14653
14654
14655
14656
14657
14659
14660
14661
14662
14663
14664
14665
14666
14672
14673
14674
14675
14676
14677
14678
14679
14680
14681
14682
14683
14684
14686
14687
14688
14689
14690
14691
14692
14693
14694
14695
14696
14697
14698
14700
14701
14702
14703
14704
14705
14706
14707
14708
14709
14710
14711
14712
14713
14714
14715
14716
14720
14721
14722
14723
14724
14725
14726
14727
14728
14729
14730
14731
14732
14733
14734
14735
14736
14737
14738
14739
14740
14741
14742
14744
14745
14746
14747
14748
14749
14750
14751
14752
14753
14754
14755
14756
14757
14758
14760
14762
14763
14764
14765
14766
14767
14768
14769
14770
14771
14772
14773
14774
14775
14776
14777
