12080
12081
12083
12084
12085
12086
12087
12088
12090
12091
12092
12093
12094
12095
12097
12099
12100
12101
12102
12103
12106
12108
12109
12110
12111
12115
12116
12117
12118
12119
12120
12121
12122
12123
12124
12125
13093
13094
13095
13096
13098
13099
13100
13102
13103
13105
13107
13108
13109
13110
13111
13113
13119
13120
13121
13122
13123
13124
13126
13127
13128
13133
13134
13135
13136
13137
13138
13139
13140
13141
13142
13143
13144
13145
13146
13147
13148
13149
13150
13151
13152
13154
13155
13156
13158
13160
13161
13162
13572
13854
13855
13857
13858
13859
13860
13863
13865
13866
13867
13868
13869
13870
13871
13873
13920
14965
14966
15036
15037
15038
16039
16040
16041
16042
16044
16047
16048
16049
16050
16051
16052
16054
16056
16057
16058
16060
16061
16171
16172
16174
16178
16179
16180
16181
16182
16183
16184
16185
16188
16189
16192
16193
16194
16195
16196
16197
16198
16199
16200
16201
16683
16684
16685
16686
16688
16689
16691
16692
16695
16696
16697
16698
16699
16700
16701
16702
