12080
12083
12084
12086
12087
12090
12092
12094
12099
12102
12106
12111
12115
12118
12119
12120
12121
12123
12124
13095
13096
13100
13102
13107
13108
13113
13119
13122
13123
13126
13133
13134
13137
13138
13141
13142
13145
13146
13149
13150
13151
13155
13156
13161
13162
13572
13854
13858
13859
13860
13867
13868
13869
13870
13871
13920
12081
12085
12088
12091
12093
12095
12097
12100
12101
12103
12108
12109
12110
12116
12117
12122
12125
13093
13094
13098
13099
13103
13105
13109
13121
13120
13110
13111
13124
13127
13128
13135
13136
13139
13140
13143
13144
13147
13148
13152
13154
13158
13160
13855
13857
13863
13865
13866
13873
